IWANNA_LEVEL_1
"ci" "ci.png" "hazard" -12.699 30.727 11.810 11.455 0 0 0 0 1 1 1 0 0 1 "0" 3 0.015 -0.338 0.398 0.343 -0.363 0.343 "" 0 0
"cao" "cao.png" "solid" -37.500 1.446 5.000 4.902 0 0 0 0 1 1 1 0 0 1 "0" 4 -0.992 -0.990 0.992 -0.996 0.987 0.996 -0.987 0.983 "" 0 0
"di" "di.png" "solid" 19.892 32.500 13.006 15.500 0 0 0 0 1 1 1 0 0 1 "0" 4 -0.776 -0.649 0.781 -0.649 0.786 0.637 -0.771 0.637 "" 0 0
"cao" "cao.png" "solid" -57.500 35.049 5.000 4.902 0 0 0 0 1 1 1 0 0 1 "0" 4 -0.992 -0.990 0.992 -0.996 0.987 0.996 -0.987 0.983 "" 0 0
"apple" "apple.png" "decoration" 83.847 26.312 5.000 5.000 0 0 0 0 0 1 1 0 0 1 "0" 4 -1 -1 1 -1 1 1 -1 1 "" 0 0
"cao" "cao.png" "solid" -67.500 28.920 5.000 4.902 0 0 0 0 1 1 1 0 0 1 "0" 4 -0.992 -0.990 0.992 -0.996 0.987 0.996 -0.987 0.983 "" 0 0
"cao" "cao.png" "solid" -62.500 28.966 5.000 4.902 0 0 0 0 1 1 1 0 0 1 "0" 4 -0.992 -0.990 0.992 -0.996 0.987 0.996 -0.987 0.983 "" 0 0
"cao2" "cao.png" "solid" -52.500 35.049 5.000 4.902 0 0 0 0 1 1 1 0 0 1 "0" 4 -0.992 -0.990 0.992 -0.996 0.987 0.996 -0.987 0.983 "ciapple2" 0 50
"cao" "cao.png" "solid" -47.500 35.049 5.000 4.902 0 1 0 0 1 1 1 0 0 1 "0" 4 -0.992 -0.990 0.992 -0.996 0.987 0.996 -0.987 0.983 "" 0 0
"cao" "cao.png" "solid" -42.500 35.049 5.000 4.902 0 1 0 0 1 1 1 0 0 1 "0" 4 -0.992 -0.990 0.992 -0.996 0.987 0.996 -0.987 0.983 "" 0 0
"cao" "cao.png" "solid" -37.500 35.049 5.000 4.902 0 0 0 0 1 1 1 0 0 1 "0" 4 -0.992 -0.990 0.992 -0.996 0.987 0.996 -0.987 0.983 "" 0 0
"cao" "cao.png" "solid" -32.500 35.049 5.000 4.902 0 0 0 0 1 1 1 0 0 1 "0" 4 -0.992 -0.990 0.992 -0.996 0.987 0.996 -0.987 0.983 "" 0 0
"cao" "cao.png" "solid" -27.500 35.049 5.000 4.902 0 0 0 0 1 1 1 0 0 1 "0" 4 -0.992 -0.990 0.992 -0.996 0.987 0.996 -0.987 0.983 "" 0 0
"ci" "ci.png" "hazard" -27.798 30.728 11.810 11.455 0 0 0 0 1 1 1 0 0 1 "0" 3 0.015 -0.338 0.398 0.343 -0.363 0.343 "" 0 0
"ci" "ci.png" "hazard" -7.766 30.728 11.810 11.455 0 0 0 0 1 1 1 0 0 1 "0" 3 0.015 -0.338 0.398 0.343 -0.363 0.343 "" 0 0
"cao" "cao.png" "solid" -22.500 35.049 5.000 4.902 0 0 0 0 1 1 1 0 0 1 "0" 4 -0.992 -0.990 0.992 -0.996 0.987 0.996 -0.987 0.983 "" 0 0
"cao" "cao.png" "solid" -17.500 35.049 5.000 4.902 0 0 0 0 1 1 1 0 0 1 "0" 4 -0.992 -0.990 0.992 -0.996 0.987 0.996 -0.987 0.983 "" 0 0
"cao" "cao.png" "solid" -12.500 35.049 5.000 4.902 0 0 0 0 1 1 1 0 0 1 "0" 4 -0.992 -0.990 0.992 -0.996 0.987 0.996 -0.987 0.983 "" 0 0
"cao" "cao.png" "solid" -7.500 35.049 5.000 4.902 0 0 0 0 1 1 1 0 0 1 "0" 4 -0.992 -0.990 0.992 -0.996 0.987 0.996 -0.987 0.983 "" 0 0
"cao" "cao.png" "solid" -2.500 35.049 5.000 4.902 0 0 0 0 1 1 1 0 0 1 "0" 4 -0.992 -0.990 0.992 -0.996 0.987 0.996 -0.987 0.983 "" 0 0
"ci" "ci.png" "hazard" 2.426 30.728 11.810 11.455 0 0 0 0 1 1 1 0 0 1 "0" 3 0.015 -0.338 0.398 0.343 -0.363 0.343 "" 0 0
"cao" "cao.png" "solid" 2.500 35.049 5.000 4.902 0 0 0 0 1 1 1 0 0 1 "0" 4 -0.992 -0.990 0.992 -0.996 0.987 0.996 -0.987 0.983 "" 0 0
"ci" "ci.png" "hazard" 7.555 19.272 11.810 11.455 0 0 0 1 1 1 1 0 0 1 "0" 3 0.015 -0.338 0.398 0.343 -0.363 0.343 "" 0 0
"cao" "cao.png" "solid" 7.500 35.049 5.000 4.902 0 0 0 0 1 1 1 0 0 1 "0" 4 -0.992 -0.990 0.992 -0.996 0.987 0.996 -0.987 0.983 "" 0 0
"cao" "cao.png" "solid" 12.500 35.049 5.000 4.902 0 0 0 0 1 1 1 0 0 1 "0" 4 -0.992 -0.990 0.992 -0.996 0.987 0.996 -0.987 0.983 "" 0 0
"cao" "cao.png" "solid" 22.500 25.481 5.200 4.902 0 0 0 0 1 1 1 0 0 1 "0" 4 -0.992 -0.990 0.992 -0.996 0.987 0.996 -0.987 0.983 "" 0 0
"di" "di.png" "solid" 29.899 32.500 13.006 15.500 0 0 0 0 0 1 1 0 0 1 "0" 4 -0.776 -0.649 0.781 -0.649 0.786 0.637 -0.771 0.637 "" 0 0
"di" "di.png" "solid" 30.029 23.594 12.707 15.000 0 0 0 0 1 1 1 0 0 1 "0" 4 -0.776 -0.649 0.781 -0.649 0.786 0.637 -0.771 0.637 "" 0 0
"cao" "cao.png" "solid" 27.500 16.549 5.200 4.902 0 0 0 0 1 1 1 0 0 1 "0" 4 -0.992 -0.990 0.992 -0.996 0.987 0.996 -0.987 0.983 "" 0 0
"cao" "cao.png" "solid" 32.450 16.800 4.900 5.427 0 0 0 0 1 1 1 0 0 1 "0" 4 -0.992 -0.990 0.992 -0.996 0.987 0.996 -0.987 0.983 "" 0 0
"keep" "keep.png" "decoration" -55.380 29.931 14.690 12.161 0 0 0 0 0 1 1 0 0 1 "0" 4 -1 -1 1 -1 1 1 -1 1 "" 0 0
"di" "di.png" "solid" 46.503 32.500 13.006 15.500 0 0 0 0 0 1 1 0 0 1 "0" 4 -0.776 -0.649 0.781 -0.649 0.786 0.637 -0.771 0.637 "" 0 0
"unkeep" "unkeep.png" "checkpoint" 82.655 18.920 14.690 12.161 0 0 0 0 0 1 1 0 0 1 "0" 4 -1 -1 1 -1 1 1 -1 1 "" 0 0
"keep" "keep.png" "decoration" 72.655 -0.080 14.690 12.161 0 0 0 0 0 1 1 0 0 1 "0" 4 -1 -1 1 -1 1 1 -1 1 "" 0 0
"di" "di.png" "solid" 46.577 23.680 13.155 15.000 0 0 0 0 0 1 1 0 0 1 "0" 4 -0.776 -0.649 0.781 -0.649 0.786 0.637 -0.771 0.637 "" 0 0
"cao" "cao.png" "solid" 44.261 16.451 5.419 4.902 0 0 0 0 1 1 1 0 0 1 "0" 4 -0.992 -0.990 0.992 -0.996 0.987 0.996 -0.987 0.983 "" 0 0
"cao" "cao.png" "solid" 49.238 16.451 5.230 4.902 0 0 0 0 1 1 1 0 0 1 "0" 4 -0.992 -0.990 0.992 -0.996 0.987 0.996 -0.987 0.983 "" 0 0
"ci" "ci.png" "hazard" 49.095 12.258 11.810 11.455 0 0 0 0 1 1 1 0 0 1 "0" 3 0.015 -0.338 0.398 0.343 -0.363 0.343 "" 0 0
"ciapple2" "apple.png" "hazard" -48.565 22.500 5.000 5.000 0 0 0 0 1 1 1 0 0 1 "0" 4 -0.481 -0.486 0.501 -0.496 0.511 0.496 -0.501 0.486 "" 0 0
"apple" "apple.png" "decoration" -40.007 22.500 5.000 5.000 0 0 0 0 0 1 1 0 0 1 "0" 4 -1 -1 1 -1 1 1 -1 1 "" 0 0
"di" "di.png" "solid" 7.630 12.500 12.707 15.000 0 0 0 0 1 1 1 0 0 1 "0" 4 -0.776 -0.649 0.781 -0.649 0.786 0.637 -0.771 0.637 "" 0 0
"ci" "ci.png" "hazard" 12.454 30.728 11.810 11.455 0 0 0 0 1 1 1 0 0 1 "0" 3 0.015 -0.338 0.398 0.343 -0.363 0.343 "" 0 0
"di" "di.png" "solid" 56.577 23.680 13.155 15.000 0 0 0 0 0 1 1 0 0 1 "0" 4 -0.776 -0.649 0.781 -0.649 0.786 0.637 -0.771 0.637 "" 0 0
"di" "di.png" "solid" 56.503 32.500 13.006 15.500 0 0 0 0 0 1 1 0 0 1 "0" 4 -0.776 -0.649 0.781 -0.649 0.786 0.637 -0.771 0.637 "" 0 0
"di" "di.png" "solid" 66.577 23.680 13.155 15.000 0 0 0 0 0 1 1 0 0 1 "0" 4 -0.776 -0.649 0.781 -0.649 0.786 0.637 -0.771 0.637 "" 0 0
"di" "di.png" "solid" 66.503 32.500 13.006 15.000 0 0 0 0 0 1 1 0 0 1 "0" 4 -0.776 -0.649 0.781 -0.649 0.786 0.637 -0.771 0.637 "" 0 0
"di" "di.png" "solid" 56.577 7.536 13.155 15.000 0 0 0 0 0 1 1 0 0 1 "0" 4 -0.776 -0.649 0.781 -0.649 0.786 0.637 -0.771 0.637 "" 0 0
"di" "di.png" "solid" 56.503 16.320 13.006 15.000 0 0 0 0 0 1 1 0 0 1 "0" 4 -0.776 -0.649 0.781 -0.649 0.786 0.637 -0.771 0.637 "" 0 0
"di" "di.png" "solid" 69.907 23.680 13.155 15.000 0 0 0 0 0 1 1 0 0 1 "0" 4 -0.776 -0.649 0.781 -0.649 0.786 0.637 -0.771 0.637 "" 0 0
"di" "di.png" "solid" 70.234 32.250 13.006 15.500 0 0 0 0 0 1 1 0 0 1 "0" 4 -0.776 -0.649 0.781 -0.649 0.786 0.637 -0.771 0.637 "" 0 0
"di" "di.png" "solid" 66.577 7.500 13.155 15.000 0 0 0 0 0 1 1 0 0 1 "0" 4 -0.776 -0.649 0.781 -0.649 0.786 0.637 -0.771 0.637 "" 0 0
"di" "di.png" "solid" 66.503 16.320 13.006 15.000 0 0 0 0 0 1 1 0 0 1 "0" 4 -0.776 -0.649 0.781 -0.649 0.786 0.637 -0.771 0.637 "" 0 0
"di" "di.png" "solid" 69.936 10.089 13.155 15.000 0 0 0 0 0 1 1 0 0 1 "0" 4 -0.776 -0.649 0.781 -0.649 0.786 0.637 -0.771 0.637 "" 0 0
"di" "di.png" "solid" 70.234 16.454 13.006 15.000 0 0 0 0 0 1 1 0 0 1 "0" 4 -0.776 -0.649 0.781 -0.649 0.786 0.637 -0.771 0.637 "" 0 0
"apple" "apple.png" "decoration" -44.217 19.080 5.000 5.000 0 0 0 0 0 1 1 0 0 1 "0" 4 -1 -1 1 -1 1 1 -1 1 "" 0 0
"cao3" "cao.png" "solid" 54.037 5.083 5.000 5.020 0 0 0 0 1 1 1 0 0 1 "0" 4 -0.992 -0.990 0.992 -0.996 0.987 0.996 -0.987 0.983 "ciapple3" 0 50
"cao" "cao.png" "solid" 59.025 4.992 5.000 4.902 0 0 0 0 1 1 1 0 0 1 "0" 4 -0.992 -0.990 0.992 -0.996 0.987 0.996 -0.987 0.983 "" 0 0
"cao" "cao.png" "solid" 63.873 4.986 5.000 4.902 0 0 0 0 1 1 1 0 0 1 "0" 4 -0.992 -0.990 0.992 -0.996 0.987 0.996 -0.987 0.983 "" 0 0
"cao" "cao.png" "solid" 68.608 4.986 5.000 4.902 0 0 0 0 1 1 1 0 0 1 "0" 4 -0.992 -0.990 0.992 -0.996 0.987 0.996 -0.987 0.983 "" 0 0
"cao" "cao.png" "solid" 72.500 4.986 5.000 4.902 0 0 0 0 1 1 1 0 0 1 "0" 4 -0.992 -0.990 0.992 -0.996 0.987 0.996 -0.987 0.983 "" 0 0
"tree2" "tree.png" "decoration" 63.896 -5.937 17.792 18.125 0 0 0 0 0 1 1 0 0 1 "0" 4 -1 -1 1 -1 1 1 -1 1 "" 0 0
"ciapple3" "apple.png" "hazard" 59.480 -7.500 5.000 5.000 0 0 0 0 1 1 1 0 0 1 "0" 4 -0.516 -0.481 0.486 -0.486 0.511 0.501 -0.516 0.481 "" 0 0
"apple" "apple.png" "decoration" 63.636 -11.379 5.000 5.000 0 0 0 0 0 1 1 0 0 1 "0" 4 -1 -1 1 -1 1 1 -1 1 "" 0 0
"ciapple1" "apple.png" "hazard" 67.500 -7.500 5.000 5.000 0 0 0 0 1 1 1 0 0 1 "0" 4 -0.511 -0.491 0.491 -0.516 0.496 0.476 -0.506 0.496 "" 0 0
"ci" "ci.png" "hazard" 14.273 11.095 11.810 11.455 90 0 0 0 1 1 1 0 0 1 "0" 3 0.015 -0.338 0.398 0.343 -0.363 0.343 "" 0 0
"unkeep1" "unkeep.png" "checkpoint" 72.655 0.081 14.690 12.200 0 0 0 0 1 1 1 0 0 1 "0" 4 -0.304 -0.392 0.349 -0.386 0.354 0.457 -0.290 0.451 "" 0 0
"cao" "cao.png" "solid" 46.371 -15.731 5.000 4.902 0 0 0 0 1 1 1 0 0 1 "0" 4 -0.992 -0.990 0.992 -0.996 0.987 0.996 -0.987 0.983 "" 0 0
"ci" "ci.png" "hazard" 36.771 34.095 11.810 11.455 90 1 0 0 1 1 1 0 0 1 "0" 3 0.015 -0.338 0.398 0.343 -0.363 0.343 "" 0 0
"di" "di.png" "solid" 7.630 3.764 12.707 15.000 0 0 0 0 1 1 1 0 0 1 "0" 4 -0.776 -0.649 0.781 -0.649 0.786 0.637 -0.771 0.637 "" 0 0
"ci" "ci.png" "hazard" 40.272 25.905 11.810 11.455 90 1 0 1 1 1 1 0 0 1 "0" 3 0.015 -0.338 0.398 0.343 -0.363 0.343 "" 0 0
"di" "di.png" "solid" -1.353 3.894 12.707 15.000 0 0 0 0 1 1 1 0 0 1 "0" 4 -0.776 -0.649 0.781 -0.649 0.786 0.637 -0.771 0.637 "" 0 0
"di" "di.png" "solid" -8.647 3.894 12.707 15.000 0 0 0 0 1 1 1 0 0 1 "0" 4 -0.776 -0.649 0.781 -0.649 0.786 0.637 -0.771 0.637 "" 0 0
"di" "di.png" "solid" -17.536 3.894 12.707 15.000 0 0 0 0 1 1 1 0 0 1 "0" 4 -0.776 -0.649 0.781 -0.649 0.786 0.637 -0.771 0.637 "" 0 0
"di" "di.png" "solid" 30.083 -13.505 12.707 15.000 0 0 0 0 1 1 1 0 0 1 "0" 4 -0.776 -0.649 0.781 -0.649 0.786 0.637 -0.771 0.637 "" 0 0
"di" "di.png" "solid" -35.263 7.500 12.707 15.000 0 0 0 0 1 1 1 0 0 1 "0" 4 -0.776 -0.649 0.781 -0.649 0.786 0.637 -0.771 0.637 "" 0 0
"di" "di.png" "solid" -43.646 7.500 12.707 15.000 0 0 0 0 1 1 1 0 0 1 "0" 4 -0.776 -0.649 0.781 -0.649 0.786 0.637 -0.771 0.637 "" 0 0
"ci" "ci.png" "hazard" -22.631 -2.522 11.810 11.455 0 0 0 0 1 1 1 0 0 1 "0" 3 0.015 -0.338 0.398 0.343 -0.363 0.343 "" 0 0
"ci" "ci.png" "hazard" -27.325 -2.522 11.810 11.455 0 0 0 0 1 1 1 0 0 1 "0" 3 0.015 -0.338 0.398 0.343 -0.363 0.343 "" 0 0
"ci" "ci.png" "hazard" -32.079 -2.653 11.810 11.455 0 0 0 0 1 1 1 0 0 1 "0" 3 0.015 -0.338 0.398 0.343 -0.363 0.343 "" 0 0
"ci" "ci.png" "hazard" 27.750 2.834 11.810 11.455 0 1 0 1 1 1 1 0 0 1 "0" 3 0.015 -0.338 0.398 0.343 -0.363 0.343 "" 0 0
"ci" "ci.png" "hazard" 32.581 2.834 11.810 11.455 0 1 0 1 1 1 1 0 0 1 "0" 3 0.015 -0.338 0.398 0.343 -0.363 0.343 "" 0 0
"di" "di.png" "solid" 29.907 -3.944 12.507 15.000 0 0 0 0 1 1 1 0 0 1 "0" 4 -0.776 -0.649 0.781 -0.649 0.786 0.637 -0.771 0.637 "" 0 0
"ci" "ci.png" "hazard" 36.938 -2.103 11.810 11.455 90 1 0 0 1 1 1 0 0 1 "0" 3 0.015 -0.338 0.398 0.343 -0.363 0.343 "" 0 0
"ci" "ci.png" "hazard" 14.273 3.905 11.810 11.455 90 0 0 0 1 1 1 0 0 1 "0" 3 0.015 -0.338 0.398 0.343 -0.363 0.343 "" 0 0
"ci" "ci.png" "hazard" 42.023 -15.905 11.810 11.455 90 1 0 1 1 1 1 0 0 1 "0" 3 0.015 -0.338 0.398 0.343 -0.363 0.343 "" 0 0
"ci" "ci.png" "hazard" 45.950 -11.667 11.900 11.300 0 0 0 1 1 1 1 0 0 1 "0" 3 0.015 -0.338 0.398 0.343 -0.363 0.343 "" 0 0
"di" "di.png" "solid" 7.471 -12.500 12.707 15.000 0 0 0 0 1 1 1 0 0 1 "0" 4 -0.776 -0.649 0.781 -0.649 0.786 0.637 -0.771 0.637 "" 0 0
"di" "di.png" "solid" 7.377 -5.638 12.707 15.000 0 0 0 0 1 1 1 0 0 1 "0" 4 -0.776 -0.649 0.781 -0.649 0.786 0.637 -0.771 0.637 "" 0 0
"cao" "cao.png" "solid" -12.500 -17.451 5.000 5.700 0 0 0 0 1 1 1 0 0 1 "0" 4 -0.992 -0.990 0.992 -0.996 0.987 0.996 -0.987 0.983 "" 0 0
"cao1" "cao.png" "solid" 82.500 2.451 5.000 4.902 0 0 0 0 1 1 1 0 0 1 "0" 4 -0.992 -0.990 0.992 -0.996 0.987 0.996 -0.987 0.983 "ciapple1" -100 0
"cao" "cao.png" "solid" -6.500 -17.451 7.001 5.702 0 1 0 0 1 1 1 0 0 1 "0" 4 -0.992 -0.990 0.992 -0.996 0.987 0.996 -0.987 0.983 "" 0 0
"ci" "ci.png" "hazard" -8.487 -2.128 10.593 10.667 0 1 0 0 1 1 1 0 0 1 "0" 3 0.015 -0.338 0.398 0.343 -0.363 0.343 "" 0 0
"ci" "ci.png" "hazard" -8.828 -13.435 9.910 8.921 0 0 0 1 1 1 1 0 0 1 "0" 3 0.015 -0.338 0.398 0.343 -0.363 0.343 "" 0 0
"ci" "ci.png" "hazard" 36.728 17.208 11.810 11.455 90 1 0 0 1 1 1 0 0 1 "0" 3 0.015 -0.338 0.398 0.343 -0.363 0.343 "" 0 0
"ci" "ci.png" "hazard" -37.016 -2.516 11.810 11.455 0 1 0 0 1 1 1 0 0 1 "0" 3 0.015 -0.338 0.398 0.343 -0.363 0.343 "" 0 0
"di" "di.png" "solid" -52.588 7.500 12.707 15.000 0 0 0 0 1 1 1 0 0 1 "0" 4 -0.776 -0.649 0.781 -0.649 0.786 0.637 -0.771 0.637 "" 0 0
"di" "di.png" "solid" -70.019 35.788 12.707 15.000 0 0 0 0 1 1 1 0 0 1 "0" 4 -0.776 -0.649 0.781 -0.649 0.786 0.637 -0.771 0.637 "" 0 0
"ci" "ci.png" "hazard" -24.095 19.272 11.810 11.455 0 0 0 1 1 1 1 0 0 1 "0" 3 0.015 -0.338 0.398 0.343 -0.363 0.343 "" 0 0
"ci" "ci.png" "hazard" 52.172 -19.272 11.810 11.455 0 0 0 1 1 1 1 0 0 1 "0" 3 0.015 -0.338 0.398 0.343 -0.363 0.343 "" 0 0
"ci" "ci.png" "hazard" -29.095 19.272 11.810 11.455 0 0 0 1 1 1 1 0 0 1 "0" 3 0.015 -0.338 0.398 0.343 -0.363 0.343 "" 0 0
"ci" "ci.png" "hazard" 40.905 -33.020 11.810 11.455 0 0 0 1 1 1 1 0 0 1 "0" 3 0.015 -0.338 0.398 0.343 -0.363 0.343 "" 0 0
"ci" "ci.png" "hazard" -17.543 10.727 11.810 11.455 0 0 0 1 1 1 1 0 0 1 "0" 3 0.015 -0.338 0.398 0.343 -0.363 0.343 "" 0 0
"ci" "ci.png" "hazard" -12.743 10.727 11.810 11.455 0 0 0 1 1 1 1 0 0 1 "0" 3 0.015 -0.338 0.398 0.343 -0.363 0.343 "" 0 0
"ci" "ci.png" "hazard" -7.257 10.727 11.810 11.455 0 0 0 1 1 1 1 0 0 1 "0" 3 0.015 -0.338 0.398 0.343 -0.363 0.343 "" 0 0
"ci" "ci.png" "hazard" -2.045 10.727 11.810 11.455 0 0 0 1 1 1 1 0 0 1 "0" 3 0.015 -0.338 0.398 0.343 -0.363 0.343 "" 0 0
"unkeep2" "unkeep.png" "checkpoint" -55.430 29.939 14.690 12.200 0 0 0 0 1 1 1 0 0 1 "0" 4 -0.304 -0.392 0.349 -0.386 0.354 0.457 -0.290 0.451 "" 0 0
"keep" "keep.png" "decoration" -47.655 -3.919 14.690 12.161 0 1 0 0 0 1 1 0 0 1 "0" 4 -1 -1 1 -1 1 1 -1 1 "" 0 0
"unkeep3" "unkeep.png" "checkpoint" -47.655 -3.900 14.690 12.200 0 0 0 0 1 1 1 0 0 1 "0" 4 -0.304 -0.392 0.349 -0.386 0.354 0.457 -0.290 0.451 "" 0 0
"di" "di.png" "solid" -64.947 35.699 12.707 15.000 0 0 0 0 1 1 1 0 0 1 "0" 4 -0.776 -0.649 0.781 -0.649 0.786 0.637 -0.771 0.637 "" 0 0
"di" "di.png" "solid" -75.306 12.500 12.707 15.000 0 0 0 0 1 1 1 0 0 1 "0" 4 -0.776 -0.649 0.781 -0.649 0.786 0.637 -0.771 0.637 "" 0 0
"di" "di.png" "solid" -26.354 12.500 12.707 15.000 0 0 0 0 1 1 1 0 0 1 "0" 4 -0.776 -0.649 0.781 -0.649 0.786 0.637 -0.771 0.637 "" 0 0
"cao" "cao.png" "solid" -57.500 -13.690 5.000 4.902 0 0 0 0 1 1 1 0 0 1 "0" 4 -0.992 -0.990 0.992 -0.996 0.987 0.996 -0.987 0.983 "" 0 0
"cao" "cao.png" "solid" -34.891 -44.140 5.000 4.902 0 0 0 0 1 1 1 0 0 1 "0" 4 -0.992 -0.990 0.992 -0.996 0.987 0.996 -0.987 0.983 "" 0 0
"cao" "cao.png" "solid" -57.500 1.415 5.000 4.902 0 0 0 0 1 1 1 0 0 1 "0" 4 -0.992 -0.990 0.992 -0.996 0.987 0.996 -0.987 0.983 "" 0 0
"cao" "cao.png" "solid" -52.500 1.451 5.000 4.902 0 0 0 0 1 1 1 0 0 1 "0" 4 -0.992 -0.990 0.992 -0.996 0.987 0.996 -0.987 0.983 "" 0 0
"cao" "cao.png" "solid" -72.500 28.769 5.000 4.602 0 0 0 0 1 1 1 0 0 1 "0" 4 -0.992 -0.990 0.992 -0.996 0.987 0.996 -0.987 0.983 "" 0 0
"cao" "cao.png" "solid" -47.500 1.373 5.000 4.902 0 0 0 0 1 1 1 0 0 1 "0" 4 -0.992 -0.990 0.992 -0.996 0.987 0.996 -0.987 0.983 "" 0 0
"di" "di.png" "solid" -26.354 4.093 12.707 15.000 0 0 0 0 1 1 1 0 0 1 "0" 4 -0.776 -0.649 0.781 -0.649 0.786 0.637 -0.771 0.637 "" 0 0
"di" "di.png" "solid" -75.307 3.680 12.707 15.000 0 0 0 0 1 1 1 0 0 1 "0" 4 -0.776 -0.649 0.781 -0.649 0.786 0.637 -0.771 0.637 "" 0 0
"di" "di.png" "solid" -75.307 -2.320 12.707 15.000 0 0 0 0 1 1 1 0 0 1 "0" 4 -0.776 -0.649 0.781 -0.649 0.786 0.637 -0.771 0.637 "" 0 0
"di" "di.png" "solid" -75.307 -8.320 12.707 15.000 0 0 0 0 1 1 1 0 0 1 "0" 4 -0.776 -0.649 0.781 -0.649 0.786 0.637 -0.771 0.637 "" 0 0
"di" "di.png" "solid" -75.307 -13.320 12.707 15.000 0 0 0 0 1 1 1 0 0 1 "0" 4 -0.776 -0.649 0.781 -0.649 0.786 0.637 -0.771 0.637 "" 0 0
"di" "di.png" "solid" -75.307 -22.320 12.707 15.000 0 0 0 0 1 1 1 0 0 1 "0" 4 -0.776 -0.649 0.781 -0.649 0.786 0.637 -0.771 0.637 "" 0 0
"di" "di.png" "solid" -75.307 -27.320 12.707 15.000 0 0 0 0 1 1 1 0 0 1 "0" 4 -0.776 -0.649 0.781 -0.649 0.786 0.637 -0.771 0.637 "" 0 0
"di" "di.png" "solid" -75.307 -34.320 12.707 15.000 0 0 0 0 1 1 1 0 0 1 "0" 4 -0.776 -0.649 0.781 -0.649 0.786 0.637 -0.771 0.637 "" 0 0
"di" "di.png" "solid" -75.307 -38.320 12.707 15.000 0 0 0 0 1 1 1 0 0 1 "0" 4 -0.776 -0.649 0.781 -0.649 0.786 0.637 -0.771 0.637 "" 0 0
"di" "di.png" "solid" -66.307 -38.320 12.707 15.000 0 0 0 0 1 1 1 0 0 1 "0" 4 -0.776 -0.649 0.781 -0.649 0.786 0.637 -0.771 0.637 "" 0 0
"di" "di.png" "solid" -58.307 -38.320 12.707 15.000 0 0 0 0 1 1 1 0 0 1 "0" 4 -0.776 -0.649 0.781 -0.649 0.786 0.637 -0.771 0.637 "" 0 0
"di" "di.png" "solid" -51.307 -38.320 12.707 15.000 0 0 0 0 1 1 1 0 0 1 "0" 4 -0.776 -0.649 0.781 -0.649 0.786 0.637 -0.771 0.637 "" 0 0
"di" "di.png" "solid" -46.307 -38.320 12.707 15.000 0 0 0 0 1 1 1 0 0 1 "0" 4 -0.776 -0.649 0.781 -0.649 0.786 0.637 -0.771 0.637 "" 0 0
"di" "di.png" "solid" -42.307 -38.320 12.707 15.000 0 0 0 0 1 1 1 0 0 1 "0" 4 -0.776 -0.649 0.781 -0.649 0.786 0.637 -0.771 0.637 "" 0 0
"di" "di.png" "solid" -23.307 -38.320 13.707 15.000 0 0 0 0 1 1 1 0 0 1 "0" 4 -0.776 -0.649 0.781 -0.649 0.786 0.637 -0.771 0.637 "" 0 0
"di" "di.png" "solid" -33.307 -38.320 12.707 15.000 0 0 0 0 1 1 1 0 0 1 "0" 4 -0.776 -0.649 0.781 -0.649 0.786 0.637 -0.771 0.637 "" 0 0
"di" "di.png" "solid" -15.307 -38.320 12.707 15.000 0 0 0 0 1 1 1 0 0 1 "0" 4 -0.776 -0.649 0.781 -0.649 0.786 0.637 -0.771 0.637 "" 0 0
"di" "di.png" "solid" -10.307 -38.320 12.707 15.000 0 0 0 0 1 1 1 0 0 1 "0" 4 -0.776 -0.649 0.781 -0.649 0.786 0.637 -0.771 0.637 "" 0 0
"di" "di.png" "solid" -1.307 -38.320 12.707 15.000 0 0 0 0 1 1 1 0 0 1 "0" 4 -0.776 -0.649 0.781 -0.649 0.786 0.637 -0.771 0.637 "" 0 0
"di" "di.png" "solid" 3.693 -38.320 12.707 15.000 0 0 0 0 1 1 1 0 0 1 "0" 4 -0.776 -0.649 0.781 -0.649 0.786 0.637 -0.771 0.637 "" 0 0
"di" "di.png" "solid" 13.693 -38.320 13.707 15.000 0 0 0 0 1 1 1 0 0 1 "0" 4 -0.776 -0.649 0.781 -0.649 0.786 0.637 -0.771 0.637 "" 0 0
"di" "di.png" "solid" 23.693 -38.320 12.707 15.000 0 0 0 0 1 1 1 0 0 1 "0" 4 -0.776 -0.649 0.781 -0.649 0.786 0.637 -0.771 0.637 "" 0 0
"di" "di.png" "solid" 32.693 -38.320 12.707 15.000 0 0 0 0 1 1 1 0 0 1 "0" 4 -0.776 -0.649 0.781 -0.649 0.786 0.637 -0.771 0.637 "" 0 0
"di" "di.png" "solid" 41.693 -38.320 12.707 15.000 0 0 0 0 1 1 1 0 0 1 "0" 4 -0.776 -0.649 0.781 -0.649 0.786 0.637 -0.771 0.637 "" 0 0
"di" "di.png" "solid" 50.693 -38.320 12.707 15.000 0 0 0 0 1 1 1 0 0 1 "0" 4 -0.776 -0.649 0.781 -0.649 0.786 0.637 -0.771 0.637 "" 0 0
"di" "di.png" "solid" 55.693 -38.320 12.707 15.000 0 0 0 0 1 1 1 0 0 1 "0" 4 -0.776 -0.649 0.781 -0.649 0.786 0.637 -0.771 0.637 "" 0 0
"di" "di.png" "solid" 60.693 -38.320 12.707 15.000 0 0 0 0 1 1 1 0 0 1 "0" 4 -0.776 -0.649 0.781 -0.649 0.786 0.637 -0.771 0.637 "" 0 0
"di" "di.png" "solid" 69.693 -38.320 12.707 15.000 0 0 0 0 1 1 1 0 0 1 "0" 4 -0.776 -0.649 0.781 -0.649 0.786 0.637 -0.771 0.637 "" 0 0
"di" "di.png" "solid" 72.693 -38.320 12.707 15.000 0 0 0 0 1 1 1 0 0 1 "0" 4 -0.776 -0.649 0.781 -0.649 0.786 0.637 -0.771 0.637 "" 0 0
"cao" "cao.png" "solid" 72.500 -22.490 5.000 5.020 0 0 0 0 1 1 1 0 0 1 "0" 4 -0.992 -0.990 0.992 -0.996 0.987 0.996 -0.987 0.983 "" 0 0
"cao" "cao.png" "solid" 67.500 -22.490 5.000 5.020 0 0 0 0 1 1 1 0 0 1 "0" 4 -0.992 -0.990 0.992 -0.996 0.987 0.996 -0.987 0.983 "" 0 0
"cao" "cao.png" "solid" 62.500 -22.490 5.000 5.020 0 0 0 0 1 1 1 0 0 1 "0" 4 -0.992 -0.990 0.992 -0.996 0.987 0.996 -0.987 0.983 "" 0 0
"cao" "cao.png" "solid" 57.500 -22.490 5.000 5.020 0 0 0 0 1 1 1 0 0 1 "0" 4 -0.992 -0.990 0.992 -0.996 0.987 0.996 -0.987 0.983 "" 0 0
"cao" "cao.png" "solid" 52.500 -22.490 5.000 5.020 0 0 0 0 1 1 1 0 0 1 "0" 4 -0.992 -0.990 0.992 -0.996 0.987 0.996 -0.987 0.983 "" 0 0
"cao" "cao.png" "solid" -42.150 1.370 5.700 4.902 0 1 0 0 1 1 1 0 0 1 "0" 4 -0.992 -0.990 0.992 -0.996 0.987 0.996 -0.987 0.983 "" 0 0
"cao" "cao.png" "solid" -32.250 1.417 5.500 4.902 0 0 0 0 1 1 1 0 0 1 "0" 4 -0.992 -0.990 0.992 -0.996 0.987 0.996 -0.987 0.983 "" 0 0
"cao" "cao.png" "solid" -47.451 -17.500 5.000 4.902 270 0 0 0 1 1 1 0 0 1 "0" 4 -0.992 -0.990 0.992 -0.996 0.987 0.996 -0.987 0.983 "" 0 0
"cao" "cao.png" "solid" 32.500 -20.136 5.000 4.902 0 0 0 0 1 1 1 0 0 1 "0" 4 -0.992 -0.990 0.992 -0.996 0.987 0.996 -0.987 0.983 "" 0 0
"cao" "cao.png" "solid" -47.451 -31.219 5.000 4.902 270 0 0 0 1 1 1 0 0 1 "0" 4 -0.992 -0.990 0.992 -0.996 0.987 0.996 -0.987 0.983 "" 0 0
"cao" "cao.png" "solid" -47.451 -26.369 5.000 4.902 270 0 0 0 1 1 1 0 0 1 "0" 4 -0.992 -0.990 0.992 -0.996 0.987 0.996 -0.987 0.983 "" 0 0
"cao" "cao.png" "solid" 9.889 -17.549 5.000 4.902 0 0 0 0 1 1 1 0 0 1 "0" 4 -0.992 -0.990 0.992 -0.996 0.987 0.996 -0.987 0.983 "" 0 0
"cao" "cao.png" "solid" 27.500 -20.193 5.000 4.902 0 0 0 0 1 1 1 0 0 1 "0" 4 -0.992 -0.990 0.992 -0.996 0.987 0.996 -0.987 0.983 "" 0 0
"cao" "cao.png" "solid" -42.549 -31.219 5.000 4.902 90 0 0 0 1 1 1 0 0 1 "0" 4 -0.992 -0.990 0.992 -0.996 0.987 0.996 -0.987 0.983 "" 0 0
"cao" "cao.png" "solid" -42.549 -26.144 5.000 4.902 90 0 0 0 1 1 1 0 0 1 "0" 4 -0.992 -0.990 0.992 -0.996 0.987 0.996 -0.987 0.983 "" 0 0
"cao" "cao.png" "solid" -42.549 -22.500 5.000 4.902 90 0 0 0 1 1 1 0 0 1 "0" 4 -0.992 -0.990 0.992 -0.996 0.987 0.996 -0.987 0.983 "" 0 0
"cao" "cao.png" "solid" -42.549 -17.500 5.000 4.902 90 0 0 0 1 1 1 0 0 1 "0" 4 -0.992 -0.990 0.992 -0.996 0.987 0.996 -0.987 0.983 "" 0 0
"cao" "cao.png" "solid" -47.451 -22.500 5.000 4.902 270 0 0 0 1 1 1 0 0 1 "0" 4 -0.992 -0.990 0.992 -0.996 0.987 0.996 -0.987 0.983 "" 0 0
"cao" "cao.png" "solid" -42.451 -13.838 5.000 4.902 90 0 0 0 1 1 1 0 0 1 "0" 4 -0.992 -0.990 0.992 -0.996 0.987 0.996 -0.987 0.983 "" 0 0
"ci" "ci.png" "hazard" 82.439 -4.273 11.810 11.455 0 1 0 0 1 1 1 0 0 1 "0" 3 0.015 -0.338 0.398 0.343 -0.363 0.343 "" 0 0
"ci" "ci.png" "hazard" -61.871 -14.095 11.810 11.455 90 1 0 1 1 1 1 0 0 1 "0" 3 0.015 -0.338 0.398 0.343 -0.363 0.343 "" 0 0
"ci" "ci.png" "hazard" -39.272 -30.905 11.810 11.455 90 1 0 0 1 1 1 0 0 1 "0" 3 0.015 -0.338 0.398 0.343 -0.363 0.343 "" 0 0
"ci" "ci.png" "hazard" -20.905 -31.772 11.810 11.455 0 1 0 1 1 1 1 0 0 1 "0" 3 0.015 -0.338 0.398 0.343 -0.363 0.343 "" 0 0
"cao" "cao.png" "solid" -69.778 -6.033 5.000 4.902 0 1 0 0 1 1 1 0 0 1 "0" 4 -0.992 -0.990 0.992 -0.996 0.987 0.996 -0.987 0.983 "" 0 0
"cao" "cao.png" "solid" -12.500 -32.601 5.000 5.202 0 1 0 0 1 1 1 0 0 1 "0" 4 -0.992 -0.990 0.992 -0.996 0.987 0.996 -0.987 0.983 "" 0 0
"ci" "ci.png" "hazard" 27.774 -24.272 11.810 11.455 0 1 0 0 1 1 1 0 0 1 "0" 3 0.015 -0.338 0.398 0.343 -0.363 0.343 "" 0 0
"cao" "cao.png" "solid" -22.500 -9.564 5.000 3.463 0 1 0 0 1 1 1 0 0 1 "0" 4 -0.992 -0.990 0.992 -0.996 0.987 0.996 -0.987 0.983 "" 0 0
"cao" "cao.png" "solid" -30.902 -16.099 4.066 5.202 0 1 0 0 1 1 1 0 0 1 "0" 4 -0.992 -0.990 0.992 -0.996 0.987 0.996 -0.987 0.983 "" 0 0
"cao" "cao.png" "solid" 5.073 -18.268 5.000 3.463 0 1 0 0 1 1 1 0 0 1 "0" 4 -0.992 -0.990 0.992 -0.996 0.987 0.996 -0.987 0.983 "" 0 0
"tu2" "cao.png" "vanish" -17.500 -19.755 5.000 3.463 0 1 0 0 1 1 1 0 0 1 "0" 4 -0.992 -0.990 0.992 -0.996 0.987 0.996 -0.987 0.983 "" 0 0
"tu1" "cao.png" "vanish" -23.967 -19.756 9.934 3.463 0 2 0 0 1 1 1 0 0 1 "0" 4 -0.992 -0.990 0.992 -0.996 0.987 0.996 -0.987 0.983 "" 0 0
"ci" "ci.png" "hazard" -5.297 -21.758 10.593 10.667 0 2 0 0 1 1 1 0 0 1 "0" 3 0.015 -0.338 0.398 0.343 -0.363 0.343 "" 0 0
"ci" "ci.png" "hazard" 22.290 -32.980 11.810 11.455 0 1 0 1 1 1 1 0 0 1 "0" 3 0.015 -0.338 0.398 0.343 -0.363 0.343 "" 0 0
"ci" "ci.png" "hazard" 25.943 -32.980 11.810 11.455 0 1 0 1 1 1 1 0 0 1 "0" 3 0.015 -0.338 0.398 0.343 -0.363 0.343 "" 0 0
"ci" "ci.png" "hazard" 30.290 -33.016 11.810 11.455 0 1 0 1 1 1 1 0 0 1 "0" 3 0.015 -0.338 0.398 0.343 -0.363 0.343 "" 0 0
"ci" "ci.png" "hazard" 8.943 -33.016 11.810 11.455 0 1 0 1 1 1 1 0 0 1 "0" 3 0.015 -0.338 0.398 0.343 -0.363 0.343 "" 0 0
"ci" "ci.png" "hazard" -0.057 -33.016 11.810 11.455 0 1 0 1 1 1 1 0 0 1 "0" 3 0.015 -0.338 0.398 0.343 -0.363 0.343 "" 0 0
"ci" "ci.png" "hazard" 4.290 -33.016 11.810 11.455 0 1 0 1 1 1 1 0 0 1 "0" 3 0.015 -0.338 0.398 0.343 -0.363 0.343 "" 0 0
"ci" "ci.png" "hazard" 36.777 -7.009 11.810 11.455 90 1 0 0 1 1 1 0 0 1 "0" 3 0.015 -0.338 0.398 0.343 -0.363 0.343 "" 0 0
"x" "xxx.png" "death_template" 81.301 10.245 2.602 3.228 0 0 0 1 0 1 1 0 0 1 "0" 4 -1 -1 1 -1 1 1 -1 1 "" 0 0
"gg" "gg.png" "goal" 67.987 -26.080 9.408 7.839 0 0 0 0 1 1 1 0 0 1 "0" 7 -0.172 -0.432 0.093 -0.511 0.314 -0.410 0.491 -0.208 0.314 0.449 -0.167 0.443 -0.363 -0.247 "" 0 0
"decor_189" "pai.png" "decoration" -72.214 23.969 12.407 12.063 0 1 0 0 0 1 1 0 0 1 "0" 4 -1 -1 1 -1 1 1 -1 1 "" 0 0
"decor_190" "pai.png" "decoration" 32.487 -25.500 12.407 12.063 0 1 0 0 0 1 1 0 0 1 "0" 4 -1 -1 1 -1 1 1 -1 1 "" 0 0
"decor_191" "pai.png" "decoration" -31.203 -21.031 12.407 12.063 0 1 0 0 0 1 1 0 0 1 "0" 4 -1 -1 1 -1 1 1 -1 1 "" 0 0
"decor_192" "pai.png" "decoration" 52.439 -27.495 12.407 12.063 0 1 0 0 0 1 1 0 0 1 "0" 4 -1 -1 1 -1 1 1 -1 1 "" 0 0
"decor_193" "pai.png" "decoration" 55.190 0.019 12.407 12.063 0 1 0 0 0 1 1 0 0 1 "0" 4 -1 -1 1 -1 1 1 -1 1 "" 0 0
"ci" "ciqiu.png" "hazard" 46.098 -21.188 15.258 12.376 0 0 0 0 1 1 1 0 0 1 "0" 8 -0.221 -0.347 0.000 -0.511 0.255 -0.327 0.432 -0.026 0.255 0.262 -0.005 0.426 -0.231 0.249 -0.403 -0.046 "" 0 0
"tree1" "tree.png" "decoration" -43.896 24.063 17.792 18.125 0 1 0 0 0 1 1 0 0 1 "0" 4 -1 -1 1 -1 1 1 -1 1 "" 0 0
"start3" "begin.png" "intro" -0.704 74.938 98.591 29.875 0 0 0 0 0 1 1 0 0 1 "0" 4 -1 -1 1 -1 1 1 -1 1 "" 0 0
"start1" "iwanna.png" "intro" -0.705 -77.188 146.557 25.625 0 0 0 0 0 1 1 0 0 1 "0" 4 -1 -1 1 -1 1 1 -1 1 "" 0 0
"start2" "gg.png" "intro" -16.691 -63.376 33.383 21.032 0 0 0 0 0 1 1 0 0 1 "0" 4 -1 -1 1 -1 1 1 -1 1 "" 0 0
"x" "xxx.png" "death_template" 49.623 32.406 4.977 5.000 0 0 0 0 0 1 1 0 0 1 "0" 4 -1 -1 1 -1 1 1 -1 1 "" 0 0
"end2" "gg.png" "ending" 8.149 -58.288 36.297 29.940 0 0 0 0 0 1 1 0 0 1 "0" 4 -1 -1 1 -1 1 1 -1 1 "" 0 0
"di" "di.png" "solid" -66.354 -28.787 12.707 15.000 0 0 0 0 1 1 1 0 0 1 "0" 4 -0.776 -0.649 0.781 -0.649 0.786 0.637 -0.771 0.637 "" 0 0
"di" "di.png" "solid" -44.975 -16.212 12.707 15.000 0 1 0 0 1 1 1 0 0 1 "0" 4 -0.776 -0.649 0.781 -0.649 0.786 0.637 -0.771 0.637 "" 0 0
"cao" "cao.png" "solid" -52.500 -13.765 5.000 4.902 0 0 0 0 1 1 1 0 0 1 "0" 4 -0.992 -0.990 0.992 -0.996 0.987 0.996 -0.987 0.983 "" 0 0
"ci" "ci.png" "hazard" -47.562 -9.500 11.810 11.390 0 0 0 1 1 1 1 0 0 1 "0" 3 0.015 -0.338 0.398 0.343 -0.363 0.343 "" 0 0
"ci" "ci.png" "hazard" -42.639 -9.500 11.810 11.335 0 0 0 1 1 1 1 0 0 1 "0" 3 0.015 -0.338 0.398 0.343 -0.363 0.343 "" 0 0
"cao" "cao.png" "solid" -47.451 -13.757 5.000 4.902 270 0 0 0 1 1 1 0 0 1 "0" 4 -0.992 -0.990 0.992 -0.996 0.987 0.996 -0.987 0.983 "" 0 0
"ci" "ci.png" "hazard" 14.272 -17.133 11.810 11.455 90 1 0 0 1 1 1 0 0 1 "0" 3 0.015 -0.338 0.398 0.343 -0.363 0.343 "" 0 0
"ci" "ci.png" "hazard" 23.256 -9.095 11.810 11.455 90 1 0 1 1 1 1 0 0 1 "0" 3 0.015 -0.338 0.398 0.343 -0.363 0.343 "" 0 0
"ci" "ci.png" "hazard" 23.256 -15.905 11.810 11.455 90 1 0 1 1 1 1 0 0 1 "0" 3 0.015 -0.338 0.398 0.343 -0.363 0.343 "" 0 0
"di" "di.png" "solid" -55.109 7.500 12.707 15.000 0 0 0 0 1 1 1 0 0 1 "0" 4 -0.776 -0.649 0.781 -0.649 0.786 0.637 -0.771 0.637 "" 0 0
"decor_214" "ead72d5e0b96f6c5d64b0ec5db8c06b4.jpg" "decoration" 0.000 -2.500 150.000 75.000 0 10 0 0 0 1 1 0 0 1 "0" 4 -1 -1 1 -1 1 1 -1 1 "" 0 0
"move" "p1.png" "run_template" -81.279 23.299 2.559 3.402 0 0 0 0 0 3 2 58 67 0.666667 "0 1 2 3 4 5 2 1" 6 -0.819 -0.349 -0.330 -0.953 0.813 -0.953 0.972 0.005 0.785 0.977 -0.898 0.992 "" 0 0
"man" "p2.png" "player" -71.162 24.886 2.323 3.436 0 0 0 0 0 2 4 40 80 0.4 "0 1 2 3 4 5 6 7" 7 -0.733 -0.982 0.563 -0.948 0.614 -0.138 0.597 1.000 -0.153 1.000 -0.639 0.113 -0.980 -0.540 "" 0 0
